---
assets/design_tips/_MG_6713.jpg: 2024-03-12 08:19:28.146588107 +03:00
assets/design_tips/_MG_6714.jpg: 2024-03-12 08:19:28.458509842 +03:00
assets/design_tips/_MG_6715.jpg: 2024-03-12 08:19:28.780777390 +03:00
assets/design_tips/_MG_6716.jpg: 2024-03-12 08:19:29.090618662 +03:00
assets/design_tips/_MG_6717.jpg: 2024-03-12 08:19:29.402874974 +03:00
assets/design_tips/_MG_6718.jpg: 2024-03-12 08:19:29.723641133 +03:00
assets/design_tips/_MG_6719.jpg: 2024-03-12 08:19:30.041999461 +03:00
assets/design_tips/_MG_6721.jpg: 2024-03-12 08:19:30.375299478 +03:00
assets/design_tips/infill.jpg: 2024-03-12 08:19:30.594879370 +03:00
assets/design_tips/infill1.jpg: 2024-03-12 08:19:31.049195049 +03:00
assets/design_tips/layers-015.jpg: 2024-03-12 08:19:31.392535344 +03:00
assets/design_tips/layers-025.jpg: 2024-03-12 08:19:31.742746975 +03:00
assets/design_tips/layers-04.jpg: 2024-03-12 08:19:32.088370605 +03:00
assets/design_tips/layers-adaptive.jpg: 2024-03-12 08:19:32.430306717 +03:00
assets/design_tips/layers.jpg: 2024-03-12 08:19:32.675360277 +03:00
assets/design_tips/placeholder.jpeg: 2024-03-12 08:19:32.975004398 +03:00
assets/design_tips/supports.jpg: 2024-03-12 08:19:33.186413187 +03:00
assets/design_tips/threads-1.jpg: 2024-03-12 08:19:33.548968721 +03:00
assets/design_tips/threads-2.jpg: 2024-03-12 08:19:33.936786218 +03:00
assets/design_tips/threads-3.jpg: 2024-03-12 08:19:34.304799154 +03:00
assets/design_tips/threads-4.jpg: 2024-03-12 08:19:34.729869858 +03:00
assets/design_tips/threads.jpg: 2024-03-12 08:19:34.983233810 +03:00
assets/i/main-image.jpg: 2024-03-12 08:19:36.515225062 +03:00
assets/printed/bracket-1.jpg: 2024-03-12 08:19:36.913309833 +03:00
assets/printed/bracket-2.jpg: 2024-03-12 08:19:37.296903781 +03:00
assets/printed/bracket-3.jpg: 2024-03-12 08:19:37.659758935 +03:00
assets/printed/bracket-4.jpg: 2024-03-12 08:19:38.066782587 +03:00
assets/printed/bracket.jpg: 2024-03-12 08:19:38.339720480 +03:00
assets/printed/endcap-1.jpg: 2024-03-12 08:19:38.745011872 +03:00
assets/printed/endcap-2.jpg: 2024-03-12 08:19:39.148773125 +03:00
assets/printed/endcap.jpg: 2024-03-12 08:19:39.432147580 +03:00
assets/printed/ionic-1.jpg: 2024-03-12 08:19:39.808572198 +03:00
assets/printed/ionic-2.jpg: 2024-03-12 08:19:40.181158635 +03:00
assets/printed/ionic-3.jpg: 2024-03-12 08:19:40.591281066 +03:00
assets/printed/ionic.jpg: 2024-03-12 08:19:40.852375546 +03:00
assets/printed/sander.jpg: 2024-03-12 08:19:41.055511858 +03:00
assets/printed/sander1.jpg: 2024-03-12 08:19:41.380538732 +03:00
assets/printed/sander2.jpg: 2024-03-12 08:19:41.691246781 +03:00
assets/printed/sieve.jpg: 2024-03-12 08:19:41.914054156 +03:00
assets/printed/sieve1.jpg: 2024-03-12 08:19:42.333656999 +03:00
assets/printed/sieve2.jpg: 2024-03-12 08:19:42.647413993 +03:00
assets/printed/sieve3.jpg: 2024-03-12 08:19:43.008848713 +03:00
assets/printed/zf-310-1.jpg: 2024-03-12 08:19:43.332767774 +03:00
assets/printed/zf-310-2.jpg: 2024-03-12 08:19:43.654901784 +03:00
assets/printed/zf-310.jpg: 2024-03-12 08:19:43.857718435 +03:00
